1
2
3
4
5
30
90
285
900
2835
8925
28095
88440
278400
876375
2758740
8684235
27337095
86054415
270890610
852736290
2684327745
8449992720
26599723935
83733245325
263583802215
829735196820
2611922625960
8222068715595
25882242181320
81474685204455
256474082989455
807354518525775
2541470510339190
8000292568768890
25184113262583765
79277045854367580
249556136198487915
785577520493432685
2472918719232634575
7784498451648728160
24504815169390441600
77138684041848216495
242824789110870269340
764387919487326869475
2406215994658544886375
7574525009283069206415
23843839972643969036010
75058000857385213411170
236275008520892015743065
743769871484056391774760
2341312461230934733281015
7370215238992461773542845
23200693443761099286103095
73033440519297946557064860
229901896984900950143493000
723707959825471060188880515
2278159588866479336882107920
7171416372974405117105283135
22574894685123653517963689295
71063489210437878057421015695
223700689159354956792898278030
704187183691229846517293754330
2216710156497292393747901198925
6977979764074834992232621810740
21965975770498692634204077400515
69146673946267557953866345368765
217666748237648988905085771084255
685192946882291974392948125631240
2156918216762488488810401534640960
6789760774640727020967847532754375
21373481395157734591833133652725860
67281561473471245793239393547281275
211795562483052506418426020763701895
666711046906954022885819036065689615
2098739061652129818081237475518934050
6606618668370709710085918814642369250
20796968535433403408985781868078364465
65466757198273614323766608503905284160
206082741855164956778195007226028412495
648727664361272387550465985260476161965
2042129189077868294191045527867724694535
6428416505082820970890979162915498704740
20236006117458951388541246053319296897320
63700904143665210935683092252398416169595
200524014727366810547999610012551272691160
631229352595930560773490409346329139153175
1987046270345287022385645899600061154708815
6255021038320723217770111980373808474066895
19690174694842962364697000632041379571294310
61982681934754966827863312486644154017685370
195115224692811703435132360030826285830925445
614203027661824875621636503295414060841939980
1933449118503619359009012245575821539892668955
6086302615721814512606271832447870262875781325
19159066135038224849019687096359430492667058415
60310805811491075217268945133669932721933558640
189852327456571440834622991078049309672608840640
597635958526850762535704816007546871017301745055
1881297657549179802856219235929709487773314016940
5922135082072738364652385486774246647713959673235
18642283314170264812576589055315404998553198387175
58684025668012023959205418996868589538844228545935
184731387811610039763744294308302389807431278695450
581515757556574351989937509297919195611745627531170
1830552892459479312627722573263638202563532902584265
5762395684979804234304822059469097613226326006439000
18139439820097353351326058027383395040826450945534375
57101125117909480015017488504389925526190358665404765
179748576696325664240396601994878614595508407831454935
565830371251671570267860000493728076844289006275139820
1781176880035618768365267684494666389116821160271599240
5606964983083786026897887338492359940529926030092432435
17650159663479959372763606300979168671613529645830071840
55560920584704098178726030872934261253981161653314589295
174900168331460300623511191927291898941613983705860574095
550568071235208867330630281391343980676125979509328600335
1733132700531158665630713580656434487133643128573047268350
5455726756750468361154474670378997905447808559470063846490
17174076996643606315056388220938032141066430831670442181245
54062260416854178842392842453271569335055940776844624453860
170182537434236364785556679820651178822472279171837235118195
535717445483026528930104580143728039425787725188485509292445
1686384430046251200206141123566230190570790004015274956269055
5308567921170161578819807433654387822828269119667480532317080
16710835840024919243590910944062588759026494191812582769753600
52604024026635443438110362598853421758191959412263164438332215
165592156507637177600488524996880308578516624193282389976385140
521267389790667299331213923135023557798517112728152649360297515
1640897113666393107961500480148306727216710537745026591950366855
5165378441801207711452848676185036544049807436988930809696960015
16260089815996318821258107187430249552347615247448796112297037010
51185121052248045258635383201314195304457749216573418612047634850
161125593202804432282220059919151069104837958560936216920996388385
507207099470469912174232197260091940058326201841473407960139686000
1596636739325714397108903992484228748223248680899658399689617213695
5026051252094252284195139438075790241822854076635149591799046185165
15821501889870335857628077972110566662679996465683096576087472785575
49804490542524300975035797566699124673474672313726595928642369800500
156779507752580448611454095788540588947681553934492243578106107030440
493526061272619227378337068426175548432982195262472283102584791505835
1553570212375259864654021783905779551562358791560138997604663214732520
4890482173435762225092530026133132149898170134387631384689004591443015
15394744117889888533786391821241365493338586358132580829044613513080335
48461100163627527324521998990471845075222193820927568159716103492724815
152550650474276205921821350524296415970771186343700161536419578023101270
480214045524112130247505796947011494150756750270150522495574615127310970
1511665330837247430549081135205628573765935635870429173532755829932664885
4758569837250929537375628500505776228582243479014965288180719052371827900
14979497402016087988102776393353230687181923758718724154620183334816627915
47153945427148810770833301207101222636746900233700429927471332012083692845
148435859339797908656400504148850974714024073137660512534205497096256715535
467261098479761290301204889367453461633037515608259484509028175683592411520
1470890761326800246006451346230362145026824743253756830360967543457683192320
4630215609207715021778591220967939169922210499327909380450991143876212250255
14575451251330220639396215734548123706241405283158626515230090120815391835580
45882048939024537738255540621519039460225814377904534749928354595090613783875
144432057611315204056612106503399725892101252161470168834474139161792491879015
454657534879517423651078019883589908893968970795325697603341582982713518000015
1431216015623148620172731300645679497359797941074796818659872269040567210146890
4505323515465357413794303249435347988649386104074680350663938466375920778466530
14182303549871501218310097115687943371412119563869656644279478641364695001425465
44644459668713081252030210015091409017060117884329382343785971435371584880449160
140536251540703178766984851962737153942653498949783239792969388283768175295986775
442393930706544972530158874921362332090845761710014468784799117470322641544025085
1392611427872783435071711153812329275552482667875037538104074276465357625168589175
4383800170912202001463352842447967259880046885319889985854869141734230751338268220
13799760330737002673168436783276243544953585299364461797892052855011172771391330440
43440252238084188123355399759573401675726683209373214772107678271307356456719106275
136745528131037946475379641530912843327926023824719363680609423661930138264040702000
430461116140636224204620803628207411829477630970122272204006712688809656457396819615
1355048132407515245515699689679664519009859135615704212546306258040755567494184278735
4265554709339190255924315989364948683878929673377169397253814317758523438868587358095
13427535556274851511354785692049008590315618917631687223580345209600636709449193415790
42268526229489350523161894489780852828635545786010944915106244143167732088685195867610
133057052958472037814507536872341334227474256064525887386937755261627541665261790581165
418850168701694951199899249712071787014306005817702402026012633826607607104440768137620
1318498042160853041879236282721043998203436800863242890858343513664715535510662896674595
4150498715496799351731754918620301965998303442064390244742273908440666862394591072866685
13065350904206333232489210076030147656397209371485534708420077726595128450150816369580575
41128405512495787916640811830980728725797363960612210990311832694723228748930155156396840
129468068052860951320827372014452773899996131170056630080729371507548196507662762589712320
407552406578162774765876262640899057078989642169875422060402065672618228234011401259239335
1282933827666564033017663746351218635341767539129944008989731980862551552161987472424217220
4038546158984628759093853569496630144030097361180206399858451097939899720453578448508863195
12712935559516985712088299301573763727174076469500868994525010514844562453562362778022040455
40019037588780620604089300244156383111947781333592800787514420746421102205050703238985789455
125975889835556154039186156641400871410298993287048802566341102539090621179969303070385899650
396559382135399740056565025134708100032526705616917676897346158431943740558287465342608270690
1248328896623711118712790930858786169011157623940117100677875746856924200898292655398261173265
3929613329924201408720654804672421247357349372196764174585805614670956203098277528635605780640
12370026011961072018800811451248034582428451322583623073206941376544995950256519613690247873455
38939592954695394967754072321833660756652914797684316869748224409024039392629538524252435325165
122577907112822565223334509738262960526683654595183162433957879121132125922846872784574603460935
385862875599165148008876633438798894419204325310263322199793784634001381463755395179231355741700
1214657374012888291333257076862240356853419252253188118367049725581633187479110500887454047909160
3823618776366880286529732916870827704682747687677145669302775427545660731448022690796696727872475
12036365859028021420128037070335388642589937319259281644309746318071744744818514655703656123504120
37889264481024333112256206607591311813164925466258877687697708715231629972409101051311988358308215
119271579123380148475170448136229909029572637594934811487164371334256946386628882928933681790592975
375454888909475615984041209792481089321385711300221894529874105509404640374106743217502418210951375
1181894082748786351622909701368825942009989857882342021345701016750079352308949425134520615830334790
3720483243390098707014685624234090409105374935223637213280346121806360434500106353814508890479078010
11711705614223511389174054602622364899712915878547744683614155542484608321447683883071976132636259045