1
2
3
4
5
45
135
420
1320
4155
13080
41175
129615
408015
1284390
4043130
12727365
40064460
126118875
397009485
1249745775
3934073520
12384066240
38983790175
122717035500
386300837715
1216036034535
3827958660495
12050027376090
37932269557410
119406954761865
375881037751320
1183235556277095
3724706066616285
11724998635385175
36909111897968940
116186157752336520
365742293950824435
1151319814444257120
3624238533676891695
11408736985325619855
35913552154716061455
113052236196564277950
355877025307434547290
1120264944794761416765
3526480939453306303140
11101005948736375509555
34944845921380344545565
110002846778765557956735
346277855299657573699800
1090047726783713965474560
3431360188014648698755575
10801575427007110472298420
34002268870768209758401515
107035709390066156315466375
336937606374967106458959375
1060645566200438166647839890
3338805155066917503529947810
10510221528041322620635230945
33085116213164976138598920240
104148605423602854196019935935
327849294582957810988918213965
1032036478274187657506211968295
3248746634771480051254113167220
10226726398846315043486734977960
32192702169345007677690812378475
101339376115612565631557157747240
319006124353261554536642928831495
1004199071235553528929591054462735
3161117287998042017739992589103695
9950878062638769038707840121858070
31324359457796503630540973774583930
98605920931267749423780367321865205
310401483414320255842206388085567100
977112530321274278728025424151256715
3075851591973404096809262899670190765
9682470260344113806895181714312560015
30479438795777517215880963582390924480
95946195994051131539647572086296208640
302028937849216088317842579312324621135
950756602210488475868308564572800783100
2992885791288356770059354092440525477635
9421302296371177740950333255356024182375
29657308413830129129491579308675321079695
93358212557495340065174671561073737249290
293882227284862150613174281573625009940450
925111579880792711386664690919954149093625
2912157850226079733772310590520015303802440
9167178888546802951542422570893823777869335
28857353583389765316239423202935203349163645
90840035518144732144102735689579357366849015
285955260210956435579235095720405643197774460
900158287872781311200871599015819704039714440
2833607406376400670209883844591641243932383395
8919910022098215182816155677039511506808164720
28078976157136440031835842773398941999475223135
88389781968627515249104787907068874721408781775
278242109425198956083727778985118184394017622415
875878067952049718619432594992665055411319367470
2757175725501229521475651830922374543184633384410
8679310807573967886128037317696621190898593057645
27321594121744232698704626373012026189451791444820
86005619789756256657910045369880615728296019990755
270737007601366296421654339678183005535727298686205
852252765157940648411591848976102201147472926217375
2682805657617419961039314422239740403711005828801640
8445201342597224195344136481708838016937331835240640
26584641162694577546670194509092233057763782780775015
83685766280604057561687683013482158583954141446179780
263434342976929721802084285008360773179462549277634715
829264714228601292069944285502088850023751555552774535
2610441594264220060435211969996755239140572715824373775
8217406577348006087333099308489115179670498745916806210
25867566240827965460096705609468283851284028391746878050
81428486825532063638822736482402545105265190045061467345
256328655156992364262333928409694444046879173750922041440
806896726392201231592964209801038424723005153260250641775
2540029426923359897223677790457472911856648281833297910125
7995756183673828258378152460836470817304456841303361756615
25169833180317434573434540681774502958370887672973803937860
79232093597171613415827383135046072293426828449818428391720
249414631031407978201384062955697251115899107621655663509915
785132076514434507131488643099425290541686832810141172802360
2471516506560685707337629766665655481112476836825416129071415
7780084427730847286157437200320043303940745956492896661388495
24490920267755766529748348144382632062967240148305479431142095
77094944294391209967858710743236053821159199560568643869474310
242687100802028387568347235740116362399675823753851033845859450
763954490592695686899561158875139920198192936482003683206156965
2404851604259088794861061639023446647414903474227030275156523820
7570230046060296506313910315208483191464710911215961084853483835
23830319862056615327572017502638732743812326158664757197150520845
75015440914304660586207400703952928048270075375238175809198155695
236141034117109092868427460623103997153108033936174392730194544080
743348133587579005042659657883195937211434235777647800690334230080
2339984872913293402151563650367424685434682916677306200379951443775
7366036125007545686346703088443214927257536993312455792178997628940
23187538014877881543974781060553781589937533458995552368266470414515
72992028557402182519010578627252906263412205772722148296908840215015
229771536309982631130464674415793495211093759707214391875014947245455
723297597582601858508801742841969043644075954969686674977599738751290
2276867809957861723162823526747748595206434746529825672582262953483810
7167349983393623948255353552880880745104604880917457057271267544926825
22562094101283512482041745374122246238443191239050037886315881058007160
71023194264911039806563744364594091313665385059977606046031984550731975
223573844739187245728385094888890507284436571403677767582451562573833245
703787890263299375975890891835902001435193321673828290078026177701144215
2215453221100546806524972027041530575201128957544257463610782007633809100
6974023058351476343900600527547306803783372436559222751791501060005637000
21953520460367564332003376920900537490965296195277946906411684394822264915
69107465887516375102836678128001760127712196428978376833883016406905957760
217543325227314283759237182276852734841736269566638889368088513503162673295
684804423707075574060442071644306196474773785174898373877116689186755084815
2155695185033875820066893417874668341501598528428655204238084232644438277135
6785910794241590841845484638842607511423809027756564584689075376520650527390
21361362045571811481241700373390731217665214310915191099919165497336042362970
67243410984596349219497240994909770677891028688819725849847520092426656146845
211675468595911553276109347498309496569992280850289894684321659254219148025860
666333003475428976927187367381899405463961251645615592287663242236932666025875
2097549019098577597099918668027578902823759192720412410947535511277499876172765
6602872534563935010894221917462926891473145296795092761611473977653420654639295
20785176084435436229204319033150870262885264860664749405890952619018115656064760
65429635753148517481234529048242279279945382744994131749676924054389700536513920
205965887293851696248219381010979433222598881694777371542646312338157875832500695
648359818000396668778378255932341765313444643404791840327445429808480517376525780
2040971245873180103850089409744671040865927311279829378431519706273838142545114955
6424771416785382105313442252192638300745974196599719364286388848008068893883383175
20224531747522384778481879035468881845699559495964181162178441703019241665274713615
63664783985606572901837278795042283521426242705337395934286119974326598121993819890
200410312116644519377216920325955126849352266530056759614895543636256736386034521890
630871428257280743581837723954162538678829897500179031818902256325066392843431341505
1985919560664795989097537413633827057688689033115883244365208514365821960337615620240
6251474270003986245021853402998775741567618706493052641619022832124345399206202978335
19679009826278837756376639095047784331883237624124739865199368041724982108655396394125
61947536055768188279538533584828637160518783410135684780305612184892714197340592261735
195004589014240226094046070457169971387993039474661572167243367446520255862602382842900
613854757715935177293945320169241758402299045292363974193256001273127862967043150980520
1932352799876788219173181602890285756605735846155606865051599514937843398477706047655115
6082851515373587570904936521510587722604039288219997109793873423378510260872297120521800
19148202419579920803394146597540735379001248659705531818213951149973638711023113490102375
60276607932075708720034958428521464104798612620317742808525783844696867459953268646499215
189744675984936660040862330442974238004794743790374372889255155352245063967616031236211535
597297082563099434806738593083873295083784385960249794949657221024863292201627432495450870
1880230910229663467824402339435091930425551925090193803939389201887414844363614904919668090
5918777069214292226918255908931722074455649286270400203797840299827314564817193353428531285
18631712628731277939006555210505485801629725755771269198322850814671877018379556131450571740
58650750217511898543095855454661868913577507089364069985837271561092979223430259370436361195
184626640053068052582282012096062740323876500376412872552178374100183600403399562440822260845
581186022188467792638847037230770840356403205993330549449524532532127340961687027783430531535
1829514918812178911351637968089557009367560829933447650127400279389051541859979683181691704800
5759128248736380320072292772761978256724910202130211824713205894060007744958257211817297485440
18129154260697452338873104224010012839153361524713834897920147270605003695214776825507545358895
57068747215392847306627176545843673595806276322398151767668371679629043087844315349759980684060
179646654328215412529961686284106634122489930917581314201626250800761169010691188134334584144995
565509529927380560538838319722905528541694256227844636401420035434762550474446583313565939886695
1780166903940268851872095396585145885395113508481032754768469761016395737953557084201019987795855
5603785680307149138401828313455973590077861196158178424071245188562056469401579774997716715668330
17640151539335170558529865383791362232667798515417460068380991506633801214220094430701372839172450
55529416020359503670786071991382674045832723981676337756078700221865431186629195482013361197480665
174800995143739652145956520127612583075405361576611149243243071556122377573258078410947042988073640
550255884053215268129997729920093672396791072876833043773117177065527017947364821628449461199025015
1732149966802001619752907431288919614406780930759175065118818193815606370256314246762970077029359805
5452633210192100326767593055523010023512155865982812278399164315621966804756420600577478967508437815
17164338824415611715941647658145374923225071744530556962013319858106575126204104483649455100144696860