1
2
3
4
5
15
60
195
615
1935
6090
19170
60345
189960
597975
1882365
5925495
18652860
58717320
184836195
581845680
1831591455
5765664975
18149731215
57133521390
179850556890
566151394605
1782187429140
5610146089635
17660173465725
55592443023135
174999397785000
550880435536320
1734115991813415
5458822058429700
17183820693814875
54092932591783815
170279090344120335
536021384294944770
1687341198739201890
5311579732416093585
16720316717741713440
52633868872457774895
165686105069022052845
521563130376456600135
1641828075171218016900
5168309014624524320040
16269314963360899829595
51214160884741244375160
161217007663506802331895
507494862963164376031695
1597542589746878341506255
5028902777761527040261830
15830478204768637512560250
49832747075536847270961765
156868456465603003586428140
493806062840570110045387515
1554451629041008276693227405
4893256784107925780223175215
15403478312149248400858406160
48488594525314224539457326400
152637199948917078735477262335
480486494531874889724395476300
1512522972806062547230607444595
4761269607577542598484720611815
14987996006423857641971455589775
47180698175768865319662267968250
148520074291381430951219425715490
467526198644642985487862354546985
1471725269880196514417453409009720
4632842557878238532157445998113415
14583720620517007570865286119971485
45908080078313511201406259894555415
144514001009581260625186627216420620
454915484423901516467393015301987720
1432028014745175795195418439453244435
4507879606718579892004681339123435200
14190349867062693698899863053435995215
44669788662840210914780826635826919695
140615984656891342454428398722123128335
442644922506107430772270978034447749470
1393401524716595906640579542607248532570
4386287316004952676699933635047774010205
13807589612376130417650266890403798192580
43464898026206259547141846199079119272275
136823110583701599612316517760152856521565
430705337868563750225490799333777866462015
1355816917749356461612155490253732015555640
4267974767975436195384466080773747319358080
13435153656522239146926888651667571097227415
42292507239912004463166311854602774446391060
133132542758056736607269047544182131813240075
419087802969013172186504143264587775011014535
1319246090841794483387375742280407479050728975
4152853497218195153597259586872048722983112370
13072763519316410336413415263911560229791277090
41151739676452850368249258037310502229266500225
129541521645080365617354045944379376950675282000
407783631070279321701081824929497561344692904415
1283661699022329040320514419922162616756012271885
4040837424523558561796166250844537159940645656295
12720148232097526447924203568541158350839238713940
40041742353841759146628829941553184540291030158760
126047362143598015804538875311433800268587050149515
396784369744964312226193214989616805804314348835720
1249037134902904960637785063965719006951787275053095
3931842792520324921677099486205459410662793103854735
12377044135117549117021235967914297427600124939095375
38961685297812126663691430477006530485363907719870390
122647451578416184225379113490488689069318049166050170
386081794555345906027463398498849462248780598443684885
1215346508783947198097407684000938312272532153996459420
3825788103048167258532619653997693551413104869820833195
12043194680396173345865718962486808731083603615737639405
37910760921224138805962424571955092582367632007484517455
119339247746756202444785161054357637687632822052545984800
375667902903748566707119089464052081734511995803468026240
1182564629295949798300083299265090506457517149063718668015
3722594056219309695523761089722563418314165430897016578140
11718350239893137953901913550559034235618622272200378334755
36888183420210572527336454232333537193989509945174182272615
116120277017382185943163837367379609487416338394992610664335
365534908048790164144547900323076860603315446016648274174250
1150666984563224671276036543422502151145002278826789446976610
3622183491123910378613666310088157632257479115652205576048025
11402267918854757664771103510408200936198225072145102237436520
35893188186610524194519451654790832999165465220450581668578615
112988132481001734162378162398026886820324664781019225538052925
355675233283030121730725398138143249220000488534870259383912375
1119629723875725808630286557013283169418193425016873942590069340
3524481328134814603491348196036729816833096899243904217746593160
11094711374195111109805258511245213008297807810459865302600076995
34925031236251726437377276013883945752110133969124622499750597840
109940472150556387023584676717836873800380209344362798308948753535
346081506267665479892012137340940870953488243280537191039143297615
1089429639855244484934671795224136808164922479058184991729477527695
3429414512768537887086235445591561493599605395735491192109428971470
10795450637776083573432938534034776420857142389047946984288426600410
33982988652653965117407719594588558010794675848043499352554897014925
106975017210056147636418298221841464274206881620765647649463737229940
336746553520038778766882972637634959485300641327980039524478684475395
1060044151102640637275684715479604003129376596297666714502078423226685
3336911961060502360438508242227352598335811342827492387084341376710495
10504261944454126308693861795108233343440416223744949444355608921637320
33066356045737638790735607169230479581883607462794987330671489979644480
104089550310648678597299351533824570895548992522772593376703474530376455
327663395049835924325684446422715078179985563926450360959155037104209700
1031451285313135300301575338258617079615178885600278651037181214805353915
3246904506413682106826547365300147654816307843144536114647963222439163015
10220927564765158450727147892847454458599680279703758866439464282444800015
32174448025132722782730524813747991949564976474981705772851148677267064930
101281913912649097885567202941749752077277172903960082606734165084173022690
318825239139963381644804385218602486919013442470598971974822678587335695985
1003629662847038955705246456862908683393787227645497345851939367774090780800
3159324847880914775772139874737577024895385756074152550090023600418529057935
9945235642122505617617624513580184536319194783830717134779098976939179585325
31306597687694317098859324886970915753984409094745908234698264474275221948295
98550008672290666318356565881880686431875437783565634084545784566701878095140
310225477268202219594465913380190183001867718633855528768867443820921026121000
976558480743631196521653280762089588465828970279471121056530686057853692146875
3074107499842208793621571948789668491289588162999883532004066197335353568319640
9676980034406143804515793866252595382762733459794976293615540174988774222958935
30462156118841580033720112899403465645647998320459725699506492794006889879023695
95891791871990097514954641947645744925593381065453857449183416848396590415537615
301857679165841793763174022958625178148192262760231228991829729186554466248038310
950217497166238462541552278890966943461636906165023069319275158995034983624564090
2991188743039418566391641688635637984327564217444852447750794865268873126169679045
9415960159824800671705083940828276285073538414044571812037183713276942020053062220
29640491907347185450186962976297158130773097910008752974215625416296183685327775835
93305275892953758352024241771339441652199340615346148908501745390622781807321595725
293715588009598277729241162097294568501551607145402908523397289026879518193356117615
924587016266879021311078886051457107180381504645581940342299545351945911036787459120
2910506576931675010408616299685284164869070537761465184707508059717767871374403079360
9161980846935661255430469702684059906436689244254517826326530891842113270580606057695
28840990673214499011807108797731844238319926868379257691525898933567095379236002451820
90788526728982687291345642382560481398838710278514942471831511118459809576576594713555
285793115743222913385391712839730452786831749753176514639074878564980065439178977556455
899647873459158090679337033008972211189130795045540488832330879838107928406222128536975
2832000673335946309852518635899257967794866641201147353883930394775951326883928176192090
8914852188709533880757455157409845690398905929421144463677803818154461587756225296713890
28063054608289454684151601754950581069400154589126676281891754968128100298779338786816265
88339662540365163404186560183472045174198767209444419090417538812824967758732607433315480
278084338525301823445048890626446283178993510999818791979672694165070031726348638669527015
875381421088401258251787483710319578262777896960068586929329915189933323927976071164977885
2755612331318064726076189823145411508688329822050262390868719117077348168291590976084645975
8674389400532356952994445732077133583143979108320662594666559416904662733108784329513177260
27306102029263634892001000942582619384773704864091931792989410231576539751488340460963749000
85956852246775533435096856397244488298351211953456001778826681792669518974918599831400110195
270583492299843586017378868493307228622227712329868874331005055892853119378318162272222371040
851769514488311378656225905724078068978630918323199423780529588424980460340005190055652902575
2681284433300490290007863873813635078346191748256647073907929867814032002199984873237344607375
8440412682036870610080156646575613335071101950386858898621135761874039747158242085054642092815
26569566942734322948953260870585626174224463475100693796541283032479043442373018910562187451710
83638314158127170255580437416429299770030739797498845564209654712108086530217334260322168135770
263284968486342582785542123700535933892520670715080159765835905512869255540908522394656752280765
828794498413723143324380443423441462434214926942924796167255940947631806015355105708222692167460
2608961402353991995196475840008587347829328435423957550935725701964027543968912189909242679963315
8212747082661141133598304153464560937907189631582135975006970890526084013370491964906959395631645
25852898621996311692128169537255923170574988146999596043387962397159885227590586395608332234804095
81382314642355815362914241528638597216407712128675933799466662619025316414219781877621693432284760
256183309786095467508870761656251180291813073705287083042709734175147693987477860288568736420358400
806439193839310735638868491576344852688604146582120126815826911240674711934842681917018197619383415
2538589160641312355391775922865264467095385077341295191934645105056281082191156928679988274648743220
7991222370833412682159368978388274490607540943324107470333809420678247886947577529257467242157181035